========================
64,64
1989:0.436907 0 -0.109227 0 -0.109227
1990:0.436907 0 -0.109227 -0.109227 -0.109227
1991:0.436907 0 -0.109227 -0.109227 -0.109227
1992:0.436907 0 -0.109227 -0.109227 -0.109227
1993:0.436907 0 -0.109227 -0.109227 -0.109227
1994:0.436907 0 -0.109227 -0.109227 -0.109227
1995:0.436907 0 -0.109227 -0.109227 -0.109227
1996:0.436907 0 -0.109227 -0.109227 -0.109227
1997:0.436907 0 -0.109227 -0.109227 -0.109227
1998:0.436907 0 -0.109227 -0.109227 -0.109227
1999:0.436907 0 -0.109227 -0.109227 -0.109227
2000:0.436907 0 -0.109227 -0.109227 0
2052:0.32768 0 -0.109227 0 -0.109227
2053:0.436907 -0.109227 -0.109227 -0.109227 -0.109227
2054:0.436907 -0.109227 -0.109227 -0.109227 -0.109227
2055:0.436907 -0.109227 -0.109227 -0.109227 -0.109227
2056:0.436907 -0.109227 -0.109227 -0.109227 -0.109227
2057:0.436907 -0.109227 -0.109227 -0.109227 -0.109227
2058:0.436907 -0.109227 -0.109227 -0.109227 -0.109227
2059:0.436907 -0.109227 -0.109227 -0.109227 -0.109227
2060:0.436907 -0.109227 -0.109227 -0.109227 -0.109227
2061:0.436907 -0.109227 -0.109227 -0.109227 -0.109227
2062:0.436907 -0.109227 -0.109227 -0.109227 -0.109227
2063:0.436907 -0.109227 -0.109227 -0.109227 -0.109227
2064:0.436907 -0.109227 -0.109227 -0.109227 0
2116:0.32768 -0.109227 -0.109227 0 -0.109227
2117:0.436907 -0.109227 -0.109227 -0.109227 -0.109227
2118:0.436907 -0.109227 -0.109227 -0.109227 -0.109227
2119:0.436907 -0.109227 -0.109227 -0.109227 -0.109227
2120:0.436907 -0.109227 -0.109227 -0.109227 -0.109227
2121:0.436907 -0.109227 -0.109227 -0.109227 -0.109227
2122:0.436907 -0.109227 -0.109227 -0.109227 -0.109227
2123:0.436907 -0.109227 -0.109227 -0.109227 -0.109227
2124:0.436907 -0.109227 -0.109227 -0.109227 -0.109227
2125:0.436907 -0.109227 -0.109227 -0.109227 -0.109227
2126:0.436907 -0.109227 -0.109227 -0.109227 -0.109227
2127:0.436907 -0.109227 -0.109227 -0.109227 -0.109227
2128:0.436907 -0.109227 -0.109227 -0.109227 -0.109227
2129:0.436907 0 -0.109227 -0.109227 0
2180:0.32768 -0.109227 -0.109227 0 -0.109227
2181:0.436907 -0.109227 -0.109227 -0.109227 -0.109227
2182:0.436907 -0.109227 -0.109227 -0.109227 -0.109227
2183:0.436907 -0.109227 -0.109227 -0.109227 -0.109227
2184:0.436907 -0.109227 -0.109227 -0.109227 -0.109227
2185:0.436907 -0.109227 -0.109227 -0.109227 -0.109227
2186:0.436907 -0.109227 -0.109227 -0.109227 -0.109227
2187:0.436907 -0.109227 -0.109227 -0.109227 -0.109227
2188:0.436907 -0.109227 -0.109227 -0.109227 -0.109227
2189:0.436907 -0.109227 -0.109227 -0.109227 -0.109227
2190:0.436907 -0.109227 -0.109227 -0.109227 -0.109227
2191:0.436907 -0.109227 -0.109227 -0.109227 -0.109227
2192:0.436907 -0.109227 -0.109227 -0.109227 -0.109227
2193:0.436907 -0.109227 -0.109227 -0.109227 0
2244:0.32768 -0.109227 -0.109227 0 -0.109227
2245:0.436907 -0.109227 -0.109227 -0.109227 -0.109227
2246:0.436907 -0.109227 -0.109227 -0.109227 -0.109227
2247:0.436907 -0.109227 -0.109227 -0.109227 -0.109227
2248:0.436907 -0.109227 -0.109227 -0.109227 -0.109227
2249:0.436907 -0.109227 -0.109227 -0.109227 -0.109227
2250:0.436907 -0.109227 -0.109227 -0.109227 -0.109227
2251:0.436907 -0.109227 -0.109227 -0.109227 -0.109227
2252:0.436907 -0.109227 -0.109227 -0.109227 -0.109227
2253:0.436907 -0.109227 -0.109227 -0.109227 -0.109227
2254:0.436907 -0.109227 -0.109227 -0.109227 -0.109227
2255:0.436907 -0.109227 -0.109227 -0.109227 -0.109227
2256:0.436907 -0.109227 -0.109227 -0.109227 -0.109227
2257:0.436907 -0.109227 -0.109227 -0.109227 0
2308:0.32768 -0.109227 -0.109227 0 -0.109227
2309:0.436907 -0.109227 -0.109227 -0.109227 -0.109227
2310:0.436907 -0.109227 -0.109227 -0.109227 -0.109227
2311:0.436907 -0.109227 -0.109227 -0.109227 -0.109227
2312:0.436907 -0.109227 -0.109227 -0.109227 -0.109227
2313:0.436907 -0.109227 -0.109227 -0.109227 -0.109227
2314:0.436907 -0.109227 -0.109227 -0.109227 -0.109227
2315:0.436907 -0.109227 -0.109227 -0.109227 -0.109227
2316:0.436907 -0.109227 -0.109227 -0.109227 -0.109227
2317:0.436907 -0.109227 -0.109227 -0.109227 -0.109227
2318:0.436907 -0.109227 -0.109227 -0.109227 -0.109227
2319:0.436907 -0.109227 -0.109227 -0.109227 -0.109227
2320:0.436907 -0.109227 -0.109227 -0.109227 -0.109227
2321:0.436907 -0.109227 -0.109227 -0.109227 0
2372:0.32768 -0.109227 -0.109227 0 -0.109227
2373:0.436907 -0.109227 -0.109227 -0.109227 -0.109227
2374:0.436907 -0.109227 -0.109227 -0.109227 -0.109227
2375:0.436907 -0.109227 -0.109227 -0.109227 -0.109227
2376:0.436907 -0.109227 -0.109227 -0.109227 -0.109227
2377:0.436907 -0.109227 -0.109227 -0.109227 -0.109227
2378:0.436907 -0.109227 -0.109227 -0.109227 -0.109227
2379:0.436907 -0.109227 -0.109227 -0.109227 -0.109227
2380:0.436907 -0.109227 -0.109227 -0.109227 -0.109227
2381:0.436907 -0.109227 -0.109227 -0.109227 -0.109227
2382:0.436907 -0.109227 -0.109227 -0.109227 -0.109227
2383:0.436907 -0.109227 -0.109227 -0.109227 -0.109227
2384:0.436907 -0.109227 -0.109227 -0.109227 -0.109227
2385:0.436907 -0.109227 -0.109227 -0.109227 0
2436:0.32768 -0.109227 -0.109227 0 -0.109227
2437:0.436907 -0.109227 -0.109227 -0.109227 -0.109227
2438:0.436907 -0.109227 -0.109227 -0.109227 -0.109227
2439:0.436907 -0.109227 -0.109227 -0.109227 -0.109227
2440:0.436907 -0.109227 -0.109227 -0.109227 -0.109227
2441:0.436907 -0.109227 -0.109227 -0.109227 -0.109227
2442:0.436907 -0.109227 -0.109227 -0.109227 -0.109227
2443:0.436907 -0.109227 -0.109227 -0.109227 -0.109227
2444:0.436907 -0.109227 -0.109227 -0.109227 -0.109227
2445:0.436907 -0.109227 -0.109227 -0.109227 -0.109227
2446:0.436907 -0.109227 -0.109227 -0.109227 -0.109227
2447:0.436907 -0.109227 -0.109227 -0.109227 -0.109227
2448:0.436907 -0.109227 -0.109227 -0.109227 -0.109227
2449:0.436907 -0.109227 -0.109227 -0.109227 0
2500:0.32768 -0.109227 -0.109227 0 -0.109227
2501:0.436907 -0.109227 -0.109227 -0.109227 -0.109227
2502:0.436907 -0.109227 -0.109227 -0.109227 -0.109227
2503:0.436907 -0.109227 -0.109227 -0.109227 -0.109227
2504:0.436907 -0.109227 -0.109227 -0.109227 -0.109227
2505:0.436907 -0.109227 -0.109227 -0.109227 -0.109227
2506:0.436907 -0.109227 -0.109227 -0.109227 -0.109227
2507:0.436907 -0.109227 -0.109227 -0.109227 -0.109227
2508:0.436907 -0.109227 -0.109227 -0.109227 -0.109227
2509:0.436907 -0.109227 -0.109227 -0.109227 -0.109227
2510:0.436907 -0.109227 -0.109227 -0.109227 -0.109227
2511:0.436907 -0.109227 -0.109227 -0.109227 -0.109227
2512:0.436907 -0.109227 -0.109227 -0.109227 -0.109227
2513:0.436907 -0.109227 -0.109227 -0.109227 0
2564:0.32768 -0.109227 -0.109227 0 -0.109227
2565:0.436907 -0.109227 -0.109227 -0.109227 -0.109227
2566:0.436907 -0.109227 -0.109227 -0.109227 -0.109227
2567:0.436907 -0.109227 -0.109227 -0.109227 -0.109227
2568:0.436907 -0.109227 -0.109227 -0.109227 -0.109227
2569:0.436907 -0.109227 -0.109227 -0.109227 -0.109227
2570:0.436907 -0.109227 -0.109227 -0.109227 -0.109227
2571:0.436907 -0.109227 -0.109227 -0.109227 -0.109227
2572:0.436907 -0.109227 -0.109227 -0.109227 -0.109227
2573:0.436907 -0.109227 -0.109227 -0.109227 -0.109227
2574:0.436907 -0.109227 -0.109227 -0.109227 -0.109227
2575:0.436907 -0.109227 -0.109227 -0.109227 -0.109227
2576:0.436907 -0.109227 -0.109227 -0.109227 -0.109227
2577:0.436907 -0.109227 -0.109227 -0.109227 0
2628:0.32768 -0.109227 -0.109227 0 -0.109227
2629:0.436907 -0.109227 -0.109227 -0.109227 -0.109227
2630:0.436907 -0.109227 -0.109227 -0.109227 -0.109227
2631:0.436907 -0.109227 -0.109227 -0.109227 -0.109227
2632:0.436907 -0.109227 -0.109227 -0.109227 -0.109227
2633:0.436907 -0.109227 -0.109227 -0.109227 -0.109227
2634:0.436907 -0.109227 -0.109227 -0.109227 -0.109227
2635:0.436907 -0.109227 -0.109227 -0.109227 -0.109227
2636:0.436907 -0.109227 -0.109227 -0.109227 -0.109227
2637:0.436907 -0.109227 -0.109227 -0.109227 -0.109227
2638:0.436907 -0.109227 -0.109227 -0.109227 -0.109227
2639:0.436907 -0.109227 -0.109227 -0.109227 -0.109227
2640:0.436907 -0.109227 -0.109227 -0.109227 -0.109227
2641:0.436907 -0.109227 -0.109227 -0.109227 0
2692:0.32768 -0.109227 -0.109227 0 -0.109227
2693:0.436907 -0.109227 -0.109227 -0.109227 -0.109227
2694:0.436907 -0.109227 -0.109227 -0.109227 -0.109227
2695:0.436907 -0.109227 -0.109227 -0.109227 -0.109227
2696:0.436907 -0.109227 -0.109227 -0.109227 -0.109227
2697:0.436907 -0.109227 -0.109227 -0.109227 -0.109227
2698:0.436907 -0.109227 -0.109227 -0.109227 -0.109227
2699:0.436907 -0.109227 -0.109227 -0.109227 -0.109227
2700:0.436907 -0.109227 -0.109227 -0.109227 -0.109227
2701:0.436907 -0.109227 -0.109227 -0.109227 -0.109227
2702:0.436907 -0.109227 -0.109227 -0.109227 -0.109227
2703:0.436907 -0.109227 -0.109227 -0.109227 -0.109227
2704:0.436907 -0.109227 -0.109227 -0.109227 -0.109227
2705:0.436907 -0.109227 -0.109227 -0.109227 0
2756:0.32768 -0.109227 -0.109227 0 -0.109227
2757:0.436907 -0.109227 -0.109227 -0.109227 -0.109227
2758:0.436907 -0.109227 -0.109227 -0.109227 -0.109227
2759:0.436907 -0.109227 -0.109227 -0.109227 -0.109227
2760:0.436907 -0.109227 -0.109227 -0.109227 -0.109227
2761:0.436907 -0.109227 -0.109227 -0.109227 -0.109227
2762:0.436907 -0.109227 -0.109227 -0.109227 -0.109227
2763:0.436907 -0.109227 -0.109227 -0.109227 -0.109227
2764:0.436907 -0.109227 -0.109227 -0.109227 -0.109227
2765:0.436907 -0.109227 -0.109227 -0.109227 -0.109227
2766:0.436907 -0.109227 -0.109227 -0.109227 -0.109227
2767:0.436907 -0.109227 -0.109227 -0.109227 -0.109227
2768:0.436907 -0.109227 -0.109227 -0.109227 -0.109227
2769:0.436907 -0.109227 -0.109227 -0.109227 0
2820:0.32768 -0.109227 -0.109227 0 -0.109227
2821:0.436907 -0.109227 -0.109227 -0.109227 -0.109227
2822:0.436907 -0.109227 -0.109227 -0.109227 -0.109227
2823:0.436907 -0.109227 -0.109227 -0.109227 -0.109227
2824:0.436907 -0.109227 -0.109227 -0.109227 -0.109227
2825:0.436907 -0.109227 -0.109227 -0.109227 -0.109227
2826:0.436907 -0.109227 -0.109227 -0.109227 -0.109227
2827:0.436907 -0.109227 -0.109227 -0.109227 -0.109227
2828:0.436907 -0.109227 -0.109227 -0.109227 -0.109227
2829:0.436907 -0.109227 -0.109227 -0.109227 -0.109227
2830:0.436907 -0.109227 -0.109227 -0.109227 -0.109227
2831:0.436907 -0.109227 -0.109227 -0.109227 -0.109227
2832:0.436907 -0.109227 -0.109227 -0.109227 -0.109227
2833:0.436907 -0.109227 -0.109227 -0.109227 0
2884:0.32768 -0.109227 -0.109227 0 -0.109227
2885:0.436907 -0.109227 -0.109227 -0.109227 -0.109227
2886:0.436907 -0.109227 -0.109227 -0.109227 -0.109227
2887:0.436907 -0.109227 -0.109227 -0.109227 -0.109227
2888:0.436907 -0.109227 -0.109227 -0.109227 -0.109227
2889:0.436907 -0.109227 -0.109227 -0.109227 -0.109227
2890:0.436907 -0.109227 -0.109227 -0.109227 -0.109227
2891:0.436907 -0.109227 -0.109227 -0.109227 -0.109227
2892:0.436907 -0.109227 -0.109227 -0.109227 -0.109227
2893:0.436907 -0.109227 -0.109227 -0.109227 -0.109227
2894:0.436907 -0.109227 -0.109227 -0.109227 -0.109227
2895:0.436907 -0.109227 -0.109227 -0.109227 -0.109227
2896:0.436907 -0.109227 -0.109227 -0.109227 -0.109227
2897:0.436907 -0.109227 -0.109227 -0.109227 0
2948:0.32768 -0.109227 -0.109227 0 -0.109227
2949:0.436907 -0.109227 -0.109227 -0.109227 -0.109227
2950:0.436907 -0.109227 -0.109227 -0.109227 -0.109227
2951:0.436907 -0.109227 -0.109227 -0.109227 -0.109227
2952:0.436907 -0.109227 -0.109227 -0.109227 -0.109227
2953:0.436907 -0.109227 -0.109227 -0.109227 -0.109227
2954:0.436907 -0.109227 -0.109227 -0.109227 -0.109227
2955:0.436907 -0.109227 -0.109227 -0.109227 -0.109227
2956:0.436907 -0.109227 -0.109227 -0.109227 -0.109227
2957:0.436907 -0.109227 -0.109227 -0.109227 -0.109227
2958:0.436907 -0.109227 -0.109227 -0.109227 -0.109227
2959:0.436907 -0.109227 -0.109227 -0.109227 -0.109227
2960:0.436907 -0.109227 -0.109227 -0.109227 -0.109227
2961:0.436907 -0.109227 -0.109227 -0.109227 0
3012:0.32768 -0.109227 -0.109227 0 -0.109227
3013:0.436907 -0.109227 -0.109227 -0.109227 -0.109227
3014:0.436907 -0.109227 -0.109227 -0.109227 -0.109227
3015:0.436907 -0.109227 -0.109227 -0.109227 -0.109227
3016:0.436907 -0.109227 -0.109227 -0.109227 -0.109227
3017:0.436907 -0.109227 -0.109227 -0.109227 -0.109227
3018:0.436907 -0.109227 -0.109227 -0.109227 -0.109227
3019:0.436907 -0.109227 -0.109227 -0.109227 -0.109227
3020:0.436907 -0.109227 -0.109227 -0.109227 -0.109227
3021:0.436907 -0.109227 -0.109227 -0.109227 -0.109227
3022:0.436907 -0.109227 -0.109227 -0.109227 -0.109227
3023:0.436907 -0.109227 -0.109227 -0.109227 -0.109227
3024:0.436907 -0.109227 -0.109227 -0.109227 -0.109227
3025:0.436907 -0.109227 -0.109227 -0.109227 0
3076:0.32768 -0.109227 -0.109227 0 -0.109227
3077:0.436907 -0.109227 -0.109227 -0.109227 -0.109227
3078:0.436907 -0.109227 -0.109227 -0.109227 -0.109227
3079:0.436907 -0.109227 -0.109227 -0.109227 -0.109227
3080:0.436907 -0.109227 -0.109227 -0.109227 -0.109227
3081:0.436907 -0.109227 -0.109227 -0.109227 -0.109227
3082:0.436907 -0.109227 -0.109227 -0.109227 -0.109227
3083:0.436907 -0.109227 -0.109227 -0.109227 -0.109227
3084:0.436907 -0.109227 -0.109227 -0.109227 -0.109227
3085:0.436907 -0.109227 -0.109227 -0.109227 -0.109227
3086:0.436907 -0.109227 -0.109227 -0.109227 -0.109227
3087:0.436907 -0.109227 -0.109227 -0.109227 -0.109227
3088:0.436907 -0.109227 -0.109227 -0.109227 -0.109227
3089:0.436907 -0.109227 -0.109227 -0.109227 0
3140:0.32768 -0.109227 -0.109227 0 -0.109227
3141:0.436907 -0.109227 -0.109227 -0.109227 -0.109227
3142:0.436907 -0.109227 -0.109227 -0.109227 -0.109227
3143:0.436907 -0.109227 -0.109227 -0.109227 -0.109227
3144:0.436907 -0.109227 -0.109227 -0.109227 -0.109227
3145:0.436907 -0.109227 -0.109227 -0.109227 -0.109227
3146:0.436907 -0.109227 -0.109227 -0.109227 -0.109227
3147:0.436907 -0.109227 -0.109227 -0.109227 -0.109227
3148:0.436907 -0.109227 -0.109227 -0.109227 -0.109227
3149:0.436907 -0.109227 -0.109227 -0.109227 -0.109227
3150:0.436907 -0.109227 -0.109227 -0.109227 -0.109227
3151:0.436907 -0.109227 -0.109227 -0.109227 -0.109227
3152:0.436907 -0.109227 -0.109227 -0.109227 -0.109227
3153:0.436907 -0.109227 -0.109227 -0.109227 0
3204:0.32768 -0.109227 -0.109227 0 -0.109227
3205:0.436907 -0.109227 -0.109227 -0.109227 -0.109227
3206:0.436907 -0.109227 -0.109227 -0.109227 -0.109227
3207:0.436907 -0.109227 -0.109227 -0.109227 -0.109227
3208:0.436907 -0.109227 -0.109227 -0.109227 -0.109227
3209:0.436907 -0.109227 -0.109227 -0.109227 -0.109227
3210:0.436907 -0.109227 -0.109227 -0.109227 -0.109227
3211:0.436907 -0.109227 -0.109227 -0.109227 -0.109227
3212:0.436907 -0.109227 -0.109227 -0.109227 -0.109227
3213:0.436907 -0.109227 -0.109227 -0.109227 -0.109227
3214:0.436907 -0.109227 -0.109227 -0.109227 -0.109227
3215:0.436907 -0.109227 -0.109227 -0.109227 -0.109227
3216:0.436907 -0.109227 -0.109227 -0.109227 -0.109227
3217:0.436907 -0.109227 -0.109227 -0.109227 0
3268:0.32768 -0.109227 -0.109227 0 -0.109227
3269:0.436907 -0.109227 -0.109227 -0.109227 -0.109227
3270:0.436907 -0.109227 -0.109227 -0.109227 -0.109227
3271:0.436907 -0.109227 -0.109227 -0.109227 -0.109227
3272:0.436907 -0.109227 -0.109227 -0.109227 -0.109227
3273:0.436907 -0.109227 -0.109227 -0.109227 -0.109227
3274:0.436907 -0.109227 -0.109227 -0.109227 -0.109227
3275:0.436907 -0.109227 -0.109227 -0.109227 -0.109227
3276:0.436907 -0.109227 -0.109227 -0.109227 -0.109227
3277:0.436907 -0.109227 -0.109227 -0.109227 -0.109227
3278:0.436907 -0.109227 -0.109227 -0.109227 -0.109227
3279:0.436907 -0.109227 -0.109227 -0.109227 -0.109227
3280:0.436907 -0.109227 -0.109227 -0.109227 -0.109227
3281:0.436907 -0.109227 -0.109227 -0.109227 0
3332:0.32768 -0.109227 -0.109227 0 -0.109227
3333:0.436907 -0.109227 -0.109227 -0.109227 -0.109227
3334:0.436907 -0.109227 -0.109227 -0.109227 -0.109227
3335:0.436907 -0.109227 -0.109227 -0.109227 -0.109227
3336:0.436907 -0.109227 -0.109227 -0.109227 -0.109227
3337:0.436907 -0.109227 -0.109227 -0.109227 -0.109227
3338:0.436907 -0.109227 -0.109227 -0.109227 -0.109227
3339:0.436907 -0.109227 -0.109227 -0.109227 -0.109227
3340:0.436907 -0.109227 -0.109227 -0.109227 -0.109227
3341:0.436907 -0.109227 -0.109227 -0.109227 -0.109227
3342:0.436907 -0.109227 -0.109227 -0.109227 -0.109227
3343:0.436907 -0.109227 -0.109227 -0.109227 -0.109227
3344:0.436907 -0.109227 -0.109227 -0.109227 -0.109227
3345:0.436907 -0.109227 -0.109227 -0.109227 0
3396:0.32768 -0.109227 -0.109227 0 -0.109227
3397:0.436907 -0.109227 -0.109227 -0.109227 -0.109227
3398:0.436907 -0.109227 -0.109227 -0.109227 -0.109227
3399:0.436907 -0.109227 -0.109227 -0.109227 -0.109227
3400:0.436907 -0.109227 -0.109227 -0.109227 -0.109227
3401:0.436907 -0.109227 -0.109227 -0.109227 -0.109227
3402:0.436907 -0.109227 -0.109227 -0.109227 -0.109227
3403:0.436907 -0.109227 -0.109227 -0.109227 -0.109227
3404:0.436907 -0.109227 -0.109227 -0.109227 -0.109227
3405:0.436907 -0.109227 -0.109227 -0.109227 -0.109227
3406:0.436907 -0.109227 -0.109227 -0.109227 -0.109227
3407:0.436907 -0.109227 -0.109227 -0.109227 -0.109227
3408:0.436907 -0.109227 -0.109227 -0.109227 -0.109227
3409:0.436907 -0.109227 0 -0.109227 0
3460:0.32768 -0.109227 -0.109227 0 -0.109227
3461:0.436907 -0.109227 -0.109227 -0.109227 -0.109227
3462:0.436907 -0.109227 -0.109227 -0.109227 -0.109227
3463:0.436907 -0.109227 -0.109227 -0.109227 -0.109227
3464:0.436907 -0.109227 -0.109227 -0.109227 -0.109227
3465:0.436907 -0.109227 -0.109227 -0.109227 -0.109227
3466:0.436907 -0.109227 -0.109227 -0.109227 -0.109227
3467:0.436907 -0.109227 -0.109227 -0.109227 -0.109227
3468:0.436907 -0.109227 -0.109227 -0.109227 -0.109227
3469:0.436907 -0.109227 -0.109227 -0.109227 -0.109227
3470:0.436907 -0.109227 -0.109227 -0.109227 -0.109227
3471:0.436907 -0.109227 -0.109227 -0.109227 -0.109227
3472:0.436907 -0.109227 -0.109227 -0.109227 0
3524:0.32768 -0.109227 -0.109227 0 -0.109227
3525:0.436907 -0.109227 -0.109227 -0.109227 -0.109227
3526:0.436907 -0.109227 -0.109227 -0.109227 -0.109227
3527:0.436907 -0.109227 -0.109227 -0.109227 -0.109227
3528:0.436907 -0.109227 -0.109227 -0.109227 -0.109227
3529:0.436907 -0.109227 -0.109227 -0.109227 -0.109227
3530:0.436907 -0.109227 -0.109227 -0.109227 -0.109227
3531:0.436907 -0.109227 -0.109227 -0.109227 -0.109227
3532:0.436907 -0.109227 -0.109227 -0.109227 -0.109227
3533:0.436907 -0.109227 -0.109227 -0.109227 -0.109227
3534:0.436907 -0.109227 -0.109227 -0.109227 -0.109227
3535:0.436907 -0.109227 -0.109227 -0.109227 -0.109227
3536:0.436907 -0.109227 -0.109227 -0.109227 -0.109227
3537:0.436907 0 -0.109227 -0.109227 0
3588:0.32768 -0.109227 -0.109227 0 -0.109227
3589:0.436907 -0.109227 -0.109227 -0.109227 -0.109227
3590:0.436907 -0.109227 -0.109227 -0.109227 -0.109227
3591:0.436907 -0.109227 -0.109227 -0.109227 -0.109227
3592:0.436907 -0.109227 -0.109227 -0.109227 -0.109227
3593:0.436907 -0.109227 -0.109227 -0.109227 -0.109227
3594:0.436907 -0.109227 -0.109227 -0.109227 -0.109227
3595:0.436907 -0.109227 -0.109227 -0.109227 -0.109227
3596:0.436907 -0.109227 -0.109227 -0.109227 -0.109227
3597:0.436907 -0.109227 -0.109227 -0.109227 -0.109227
3598:0.436907 -0.109227 -0.109227 -0.109227 -0.109227
3599:0.436907 -0.109227 -0.109227 -0.109227 -0.109227
3600:0.436907 -0.109227 -0.109227 -0.109227 -0.109227
3601:0.436907 -0.109227 -0.109227 -0.109227 0
3652:0.32768 -0.109227 -0.109227 0 -0.109227
3653:0.436907 -0.109227 -0.109227 -0.109227 -0.109227
3654:0.436907 -0.109227 -0.109227 -0.109227 -0.109227
3655:0.436907 -0.109227 -0.109227 -0.109227 -0.109227
3656:0.436907 -0.109227 -0.109227 -0.109227 -0.109227
3657:0.436907 -0.109227 -0.109227 -0.109227 -0.109227
3658:0.436907 -0.109227 -0.109227 -0.109227 -0.109227
3659:0.436907 -0.109227 -0.109227 -0.109227 -0.109227
3660:0.436907 -0.109227 -0.109227 -0.109227 -0.109227
3661:0.436907 -0.109227 -0.109227 -0.109227 -0.109227
3662:0.436907 -0.109227 -0.109227 -0.109227 -0.109227
3663:0.436907 -0.109227 -0.109227 -0.109227 -0.109227
3664:0.436907 -0.109227 -0.109227 -0.109227 -0.109227
3665:0.436907 -0.109227 -0.109227 -0.109227 0
3716:0.32768 -0.109227 -0.109227 0 -0.109227
3717:0.436907 -0.109227 -0.109227 -0.109227 -0.109227
3718:0.436907 -0.109227 -0.109227 -0.109227 -0.109227
3719:0.436907 -0.109227 -0.109227 -0.109227 -0.109227
3720:0.436907 -0.109227 -0.109227 -0.109227 -0.109227
3721:0.436907 -0.109227 -0.109227 -0.109227 -0.109227
3722:0.436907 -0.109227 -0.109227 -0.109227 -0.109227
3723:0.436907 -0.109227 -0.109227 -0.109227 -0.109227
3724:0.436907 -0.109227 -0.109227 -0.109227 -0.109227
3725:0.436907 -0.109227 -0.109227 -0.109227 -0.109227
3726:0.436907 -0.109227 -0.109227 -0.109227 -0.109227
3727:0.436907 -0.109227 -0.109227 -0.109227 -0.109227
3728:0.436907 -0.109227 -0.109227 -0.109227 -0.109227
3729:0.436907 -0.109227 -0.109227 -0.109227 0
3780:0.218453 -0.109227 0 0 -0.109227
3781:0.32768 -0.109227 0 -0.109227 -0.109227
3782:0.32768 -0.109227 0 -0.109227 -0.109227
3783:0.32768 -0.109227 0 -0.109227 -0.109227
3784:0.32768 -0.109227 0 -0.109227 -0.109227
3785:0.32768 -0.109227 0 -0.109227 -0.109227
3786:0.32768 -0.109227 0 -0.109227 -0.109227
3787:0.32768 -0.109227 0 -0.109227 -0.109227
3788:0.32768 -0.109227 0 -0.109227 -0.109227
3789:0.32768 -0.109227 0 -0.109227 -0.109227
3790:0.32768 -0.109227 0 -0.109227 -0.109227
3791:0.32768 -0.109227 0 -0.109227 -0.109227
3792:0.32768 -0.109227 0 -0.109227 -0.109227
3793:0.32768 -0.109227 0 -0.109227 0
========================